5.092688859775527954e+11 6.616317899854929237e+03
5.056508778013385620e+11 6.588685394407063541e+03
5.020328696251243286e+11 6.561052888959197844e+03
4.988341539342597046e+11 6.536173870564875870e+03
4.959041042111253662e+11 6.513051072991171168e+03
4.931690243559755249e+11 6.491197358710657682e+03
4.905853373152139893e+11 6.470325022833398180e+03
4.881243853092211914e+11 6.450245035117290172e+03
4.857659784998104858e+11 6.430824318851578028e+03
4.834951845095428467e+11 6.411964509232652745e+03
4.813005509816190186e+11 6.393590201893121957e+03
4.791730428384500122e+11 6.375641931146489696e+03
4.771053686627136841e+11 6.358071721784092006e+03
4.750915336383671265e+11 6.340840138464855954e+03
4.731265315998931274e+11 6.323914254179515410e+03
4.712061262665999146e+11 6.307266207688589930e+03
4.693266917458314819e+11 6.290872152208408806e+03
4.674850936379802246e+11 6.274711472016833795e+03
4.656785986887647095e+11 6.258766187366933082e+03
4.639048049714866333e+11 6.243020494778175816e+03
4.621615871285460205e+11 6.227460406598802365e+03
4.604470528542190552e+11 6.212073464648583467e+03
4.587595079004846191e+11 6.196848510012546285e+03
4.570974276358916626e+11 6.181775495995048914e+03
4.554594337067384644e+11 6.166845334670305419e+03
4.538442747166539917e+11 6.152049769885474234e+03
4.522508101040610352e+11 6.137381271309714975e+03
4.506779965889421997e+11 6.122832945388321605e+03
4.491248767020448608e+11 6.108398459995317353e+03
4.475905690156226196e+11 6.094071980276383329e+03
4.460742597748995972e+11 6.079848113701702459e+03
4.445751956906600342e+11 6.065721862751724075e+03
4.430926777005429077e+11 6.051688583969534193e+03
4.416260555434172974e+11 6.037743952355908732e+03
4.401747230200625000e+11 6.023883930273119404e+03
4.387381138361974487e+11 6.010104740173717801e+03
4.373156979421377563e+11 5.996402840590674714e+03
4.359069782979216309e+11 5.982774904920964218e+03
4.345114880045698242e+11 5.969217802612617561e+03
4.331287877517023315e+11 5.955728582428008849e+03
4.317584635396015625e+11 5.942304457508025735e+03
4.304001246402349854e+11 5.928942792003936120e+03
4.290534017670865479e+11 5.915641089078870209e+03
4.277179454280707397e+11 5.902396980109983815e+03
4.263934244394603271e+11 5.889208214946305816e+03
4.250795245818856201e+11 5.876072653097970942e+03
4.237759473820135498e+11 5.862988255749140990e+03
4.224824090057348022e+11 5.849953078501620439e+03
4.211986392505434570e+11 5.836965264768336056e+03
4.199243806263934326e+11 5.824023039746330141e+03
4.186593875156318359e+11 5.811124704907620071e+03
4.174034254038073730e+11 5.798268632954071109e+03
4.161562701741335449e+11 5.785453263188973324e+03
4.149177074592171631e+11 5.772677097263342148e+03
4.136875320444615479e+11 5.759938695260338136e+03
4.124655473181218872e+11 5.747236672084814927e+03
4.112515647636331177e+11 5.734569694129303571e+03
4.100454034902541504e+11 5.721936476190502617e+03
4.088468897985390015e+11 5.709335778613351977e+03
4.076558567775087280e+11 5.696766404642268753e+03
4.064721439307083130e+11 5.684227197961009551e+03
4.052955968286629028e+11 5.671717040404939326e+03
4.041260667854491577e+11 5.659234849830672829e+03
4.029634105573643188e+11 5.646779578129907350e+03
4.018074900618541870e+11 5.634350209375379563e+03
4.006581721150634155e+11 5.621945758088224466e+03
3.995153281864835205e+11 5.609565267616732854e+03
3.983788341693818970e+11 5.597207808617913543e+03
3.972485701657507935e+11 5.584872477633559356e+03
3.961244202846867065e+11 5.572558395753701006e+03
3.950062724531564331e+11 5.560264707360594912e+03
3.938940182382500000e+11 5.547990578947354152e+03
3.927875526800474854e+11 5.535735198005514576e+03
3.916867741343453979e+11 5.523497771976536569e+03
3.905915841245357056e+11 5.511277527262696822e+03
3.895018872019790039e+11 5.499073708292963602e+03
3.884175908142942505e+11 5.486885576640133877e+03
3.873386051810134277e+11 5.474712410185577937e+03
3.862648431760946045e+11 5.462553502328284594e+03
3.851962202168510742e+11 5.450408161235305670e+03
3.841326541588440552e+11 5.438275709130608448e+03
3.830740651963753052e+11 5.426155481619984130e+03
3.820203757681889038e+11 5.414046827049400235e+03
3.809715104680737915e+11 5.401949105894810600e+03
3.799273959600462036e+11 5.389861690181290214e+03
3.788879608978322144e+11 5.377783962929664995e+03
3.778531358483718872e+11 5.365715317628797493e+03
3.768228532191206055e+11 5.353655157732051521e+03
3.757970471889093018e+11 5.341602896176372269e+03
3.747756536421432495e+11 5.329557954922513090e+03
3.737586101061525269e+11 5.317519764515192037e+03
3.727458556915045166e+11 5.305487763661906683e+03
3.717373310351130981e+11 5.293461398829316749e+03
3.707329782459749756e+11 5.281440123856094033e+03
3.697327408533981323e+11 5.269423399581298327e+03
3.687365637575742798e+11 5.257410693487339813e+03
3.677443931823655396e+11 5.245401479356638447e+03
3.667561766302011719e+11 5.233395236941296389e+03
3.657718628389395752e+11 5.221391451644803965e+03
3.647914017406204224e+11 5.209389614215287111e+03
3.638147444219879150e+11 5.197389220449498680e+03
3.628418430866938477e+11 5.185389770906916056e+03
3.618726510190996704e+11 5.173390770633430293e+03
3.609071225495924683e+11 5.161391728894028347e+03
3.599452130213284302e+11 5.149392158913886306e+03
3.589868787583538208e+11 5.137391577627532570e+03
3.580320770350090332e+11 5.125389505435447063e+03
3.570807660465742188e+11 5.113385465967780874e+03
3.561329048810834961e+11 5.102606059987633671e+03
3.551884534922489014e+11 5.095632631534015673e+03
3.542473726734531250e+11 5.088675139194960138e+03
3.533096240327370605e+11 5.081733359508357353e+03
3.523751699687659302e+11 5.074807073594689427e+03
3.514439736476928711e+11 5.067896067020854389e+03
3.505159989809119263e+11 5.061000129669264425e+03
3.495912106036314087e+11 5.054119055611799013e+03
3.486695738542564697e+11 5.047252642988551088e+03
3.477510547545128174e+11 5.040400693890945149e+03
3.468356199903187256e+11 5.033563014249301887e+03
3.459232368933328857e+11 5.026739413724390033e+03
3.450138734231725464e+11 5.019929705602939066e+03
3.441074981502606812e+11 5.013133706696875379e+03
3.432040802392812500e+11 5.006351237246149140e+03
3.423035894332103882e+11 4.999582120824960839e+03
3.414059960379023438e+11 4.992826184251265659e+03
3.405112709072103271e+11 4.986083257499438332e+03
3.396193854286090088e+11 4.979353173615895685e+03
3.387303115093104248e+11 4.972635768637635010e+03
3.378440215628427124e+11 4.965930881513502754e+03
3.369604884960860596e+11 4.959238354028162576e+03
3.360796856967301025e+11 4.952558030728560880e+03
3.352015870211445312e+11 4.945889758852798877e+03
3.343261667826531982e+11 4.939233388261425716e+03
3.334533997401804810e+11 4.932588771370892573e+03
3.325832610872566528e+11 4.925955763089124957e+03
3.317157264413901367e+11 4.919334220753276895e+03
3.308507718337600098e+11 4.912724004069348666e+03
3.299883736992404785e+11 4.906124975053765411e+03
3.291285088667380981e+11 4.899536997976812017e+03
3.282711545498188477e+11 4.892959939307746026e+03
3.274162883376389160e+11 4.886393667661729523e+03
3.265638881861414795e+11 4.879838053748306265e+03
3.257139324095239258e+11 4.873292970321477696e+03
3.248663996719668579e+11 4.866758292131322378e+03
3.240212689796037598e+11 4.860233895877023315e+03
3.231785196727284546e+11 4.853719660161287720e+03
3.223381314182387695e+11 4.847215465446167400e+03
3.215000842022919922e+11 4.840721194010108775e+03
3.206643583231867676e+11 4.834236729906356231e+03
3.198309343844342651e+11 4.827761958922424128e+03
3.189997932880447388e+11 4.821296768540888479e+03
3.181709162279898682e+11 4.814841047901157253e+03
3.173442846838677979e+11 4.808394687762472131e+03
3.165198804147354736e+11 4.801957580467878870e+03
3.156976854531165161e+11 4.795529619909219036e+03
3.148776820991754150e+11 4.789110701493106717e+03
3.140598529150554810e+11 4.782700722107867477e+03
3.132441807193635254e+11 4.776299580091315875e+03
3.124306485818161011e+11 4.769907175199514313e+03
3.116192398180198364e+11 4.763523408576281327e+03
3.108099379843978882e+11 4.757148182723578429e+03
3.100027268732513428e+11 4.750781401472676407e+03
3.091975905079492798e+11 4.744422969956075576e+03
3.083945131382529297e+11 4.738072794580225491e+03
3.075934792357529297e+11 4.731730782998880386e+03
3.067944734894349365e+11 4.725396844087230420e+03
3.059974808013591919e+11 4.719070887916695028e+03
3.052024862824478760e+11 4.712752825730338373e+03
3.044094752483805542e+11 4.706442569918919617e+03
3.036184332155975952e+11 4.700140033997573482e+03
3.028293458974034424e+11 4.693845132583084705e+03
3.020421992001615601e+11 4.687557781371663623e+03
3.012569792195954590e+11 4.681277897117394787e+03
3.004736722371737671e+11 4.675005397611122135e+03
2.996922647165830688e+11 4.668740201659872582e+03
2.989127433002983398e+11 4.662482229066858963e+03
2.981350948062233276e+11 4.656231400611857680e+03
2.973593062244262085e+11 4.649987638032184805e+03
2.965853647139492188e+11 4.643750864004075083e+03
2.958132575996912842e+11 4.637521002124493862e+03
2.950429723693731079e+11 4.631297976893433770e+03
2.942744966705672607e+11 4.625081713696587030e+03
2.935078183078010864e+11 4.618872138788432494e+03
2.927429252397293701e+11 4.612669179275744682e+03
2.919798055763686523e+11 4.606472763101449345e+03
2.912184475763999023e+11 4.600282819028873746e+03
2.904588396445313110e+11 4.594099276626359824e+03
2.897009703289229736e+11 4.587922066252224795e+03
2.889448283186658325e+11 4.581751119040034609e+03
2.881904024413281860e+11 4.575586366884287600e+03
2.874376816605513916e+11 4.569427742426377336e+03
2.866866550736984253e+11 4.563275179040843796e+03
2.859373119095637817e+11 4.557128610822021983e+03
2.851896415261240845e+11 4.550987972570880629e+03
2.844436334083495483e+11 4.544853199782259253e+03
2.836992771660484009e+11 4.538724228632240738e+03
2.829565625317753296e+11 4.532600995965953189e+03
2.822154793587734985e+11 4.526483439285520035e+03
2.814760176189669189e+11 4.520371496738332098e+03
2.807381674009927368e+11 4.514265107105524294e+03
2.800019189082786255e+11 4.508164209790735185e+03
2.792672624571582031e+11 4.502068744809070267e+03
2.785341884750325928e+11 4.495978652776349008e+03
2.778026874985634766e+11 4.489893874898519243e+03
2.770727501719144287e+11 4.483814352961363511e+03
2.763443672450200806e+11 4.477740029320362737e+03
2.756175295718978882e+11 4.471670846890801840e+03
2.748922281089924927e+11 4.465606749138071791e+03
2.741684539135505676e+11 4.459547680068127192e+03
2.734461981420370178e+11 4.453493584218214892e+03
2.727254520485771790e+11 4.447444406647719006e+03
2.720062069834316101e+11 4.441400092929213315e+03
2.712884543915019531e+11 4.435360589139679178e+03
2.705721858108714600e+11 4.429325841851942641e+03
2.698573928713630981e+11 4.423295798126175214e+03
2.691440672931444092e+11 4.417270405501717505e+03
2.684322008853394165e+11 4.411249611988883771e+03
2.677217855446892090e+11 4.405233366061102970e+03
2.670128132542251282e+11 4.399221616647097107e+03
2.663052760819732361e+11 4.393214313123247848e+03
2.655991661796870422e+11 4.387211405306138658e+03
2.648944757815967712e+11 4.381212843445173348e+03
2.641911972031918030e+11 4.375218578215388334e+03
2.634893228400172424e+11 4.369228560710351303e+03
2.627888451665029602e+11 4.363242742435240871e+03
2.620897567348063660e+11 4.357261075300005359e+03
2.613920501736833191e+11 4.351283511612679831e+03
2.606957181873777161e+11 4.345310004072814081e+03
2.600007535545284424e+11 4.339340505764986119e+03
2.593071491271077271e+11 4.333374970152527567e+03
2.586148978293649902e+11 4.327413351071229044e+03
2.579239926568025818e+11 4.321455602723281118e+03
2.572344266751677856e+11 4.315501679671277088e+03
2.565461930194610901e+11 4.309551536832320380e+03
2.558592848929662170e+11 4.303605129472260160e+03
2.551736955662929077e+11 4.297662413199975163e+03
2.544894183764440308e+11 4.291723343961831233e+03
2.538064467258913574e+11 4.285787878036149777e+03
2.531247740816757812e+11 4.279855972027847201e+03
2.524443939745147705e+11 4.273927582863083444e+03
2.517652999979386292e+11 4.268002667784110599e+03
2.510874858074238586e+11 4.262081184344054236e+03
2.504109451195634155e+11 4.256163090401969384e+03
2.497356717112297363e+11 4.250248344117774650e+03
2.490616594187698975e+11 4.244336903947442806e+03
2.483889021372068176e+11 4.238428728638181383e+03
2.477173938194587402e+11 4.232523777223737852e+03
2.470471284755669556e+11 4.226622009019735742e+03
2.463781001719453430e+11 4.220723383619153537e+03
2.457103030306376648e+11 4.214827860887837232e+03
2.450437312285864258e+11 4.208935400960061997e+03
2.443783789969169617e+11 4.203045964234208441e+03
2.437142406202321777e+11 4.197159511368470703e+03
2.430513104359197083e+11 4.191276003276646406e+03
2.423895828334725037e+11 4.185395401124009368e+03
2.417290522538149719e+11 4.179517666323181402e+03
2.410697131886453552e+11 4.173642760530128726e+03
2.404115601797900696e+11 4.167770645640210205e+03
2.397545878185645142e+11 4.161901283784258339e+03
2.390987907451450500e+11 4.156034637324714822e+03
2.384441636479580994e+11 4.150170668851895243e+03
2.377907012630692749e+11 4.144309341180207412e+03
2.371383983735950928e+11 4.138450617344546117e+03
2.364872498091147156e+11 4.132594460596646968e+03
2.358372504450956116e+11 4.126740834401540269e+03
2.351883952023264771e+11 4.120889702434030369e+03
2.345406790463632507e+11 4.115041028575262317e+03
2.338940969869754639e+11 4.109194776909263965e+03
2.332486440776128235e+11 4.103350911719631767e+03
2.326043154148680725e+11 4.097509397486155649e+03
2.319611061379598999e+11 4.091670198881596207e+03
2.313190114282142639e+11 4.085833280768411896e+03
2.306780265085598450e+11 4.079998608195592624e+03
2.300381466430270081e+11 4.074166146395487431e+03
2.293993671362620544e+11 4.068335860780746316e+03
2.287616833330375671e+11 4.062507716941197032e+03
2.281250906177845154e+11 4.056681680640893319e+03
2.274895844141218872e+11 4.050857717815106753e+03
2.268551601843972473e+11 4.045035794567401808e+03
2.262218134292392883e+11 4.039215877166780501e+03
2.255895396871069946e+11 4.033397932044781101e+03
2.249583345338517761e+11 4.027581925792658240e+03
2.243281935822900085e+11 4.021767825158643973e+03
2.236991124817701721e+11 4.015955597045121522e+03
2.230710869177595825e+11 4.010145208505961364e+03
2.224441126114273376e+11 4.004336626743796387e+03
2.218181853192381592e+11 3.998529819107369804e+03
2.211933008325541077e+11 3.992724753088932175e+03
2.205694549772349854e+11 3.986921396321603424e+03
2.199466436132494812e+11 3.981119716576807150e+03
2.193248626342963257e+11 3.975319681761775882e+03
2.187041079674204407e+11 3.969521259916986764e+03
2.180843755726468201e+11 3.963724419213734109e+03
2.174656614426117554e+11 3.957929127951663304e+03
2.168479616022069397e+11 3.952135354556393850e+03
2.162312721082232361e+11 3.946343067577116472e+03
2.156155890489986572e+11 3.940552235684212974e+03
2.150009085440776062e+11 3.934762827666956127e+03
2.143872267438695984e+11 3.928974812431182727e+03
2.137745398293130493e+11 3.923188158996993025e+03
2.131628440115470581e+11 3.917402836496500186e+03
2.125521355315832825e+11 3.911618814171568374e+03
2.119424106599862976e+11 3.905836061371597680e+03
2.113336656965564880e+11 3.900054547551322685e+03
2.107258969700186768e+11 3.894274242268636499e+03
2.101191008377109680e+11 3.888495115182399331e+03
2.095132736852843628e+11 3.882717136050333011e+03
2.089084119264005432e+11 3.876940274726867301e+03
2.083045120024417114e+11 3.871164501161091721e+03
2.077015703822172241e+11 3.865389785394650517e+03
2.070995835616804199e+11 3.859616097559715854e+03
2.064985480636483765e+11 3.853843407876973743e+03
2.058984604375215454e+11 3.848071686653581310e+03
2.052993172590128479e+11 3.842300904281205931e+03
2.047011151298734741e+11 3.836531031234003422e+03
2.041038506776314087e+11 3.830762038066707646e+03
2.035075205553222351e+11 3.824993895412618713e+03
2.029121214412359314e+11 3.819226573981736237e+03
2.023176500386527710e+11 3.813460044558760274e+03
2.017241030755985107e+11 3.807694278001264138e+03
2.011314773045874329e+11 3.801929245237732630e+03
2.005397695023809814e+11 3.796164917265727127e+03
1.999489764697421265e+11 3.790401265150000654e+03
1.993590950311938477e+11 3.784638260020620692e+03
1.987701220347864990e+11 3.778875873071178376e+03
1.981820543518645630e+11 3.773114075556958142e+03
1.975948888768352661e+11 3.767352838793114188e+03
1.970086225269475708e+11 3.761592134152934705e+03
1.964232522420655212e+11 3.755831933066027432e+03
1.958387749844521484e+11 3.750072207016591165e+03
1.952551877385484619e+11 3.744312927541625413e+03
1.946724875107615967e+11 3.738554066229215550e+03
1.940906713292524109e+11 3.732795594716782034e+03
1.935097362437257996e+11 3.727037484689357370e+03
1.929296793252238770e+11 3.721279707877860801e+03
1.923504976659237061e+11 3.715522236057403006e+03
1.917721883789334106e+11 3.709765041045567159e+03
1.911947485980942688e+11 3.704008094700719539e+03
1.906181754777822266e+11 3.698251368920305140e+03
1.900424661927177734e+11 3.692494835639208759e+03
1.894676179377686462e+11 3.686738466828026958e+03
1.888936279277658386e+11 3.680982234491453255e+03
1.883204933973141785e+11 3.675226110666600562e+03
1.877482116006129150e+11 3.669470067421395470e+03
1.871767798112739258e+11 3.663714076852945254e+03
1.866061953221455078e+11 3.657958111085933069e+03
1.860364554451338806e+11 3.652202142270984041e+03
1.854675575110320435e+11 3.646446142583076835e+03
1.848994988693448486e+11 3.640690084219914297e+03
1.843322768881238708e+11 3.634933939400365034e+03
