2.722425642222564697e+11 3.267590047795173340e+11 3.705673854896444092e+11 4.075165697380630493e+11 4.387700176762043457e+11 4.647898949101885376e+11 4.855732009281369629e+11 4.942774244555042114e+11
3.207673648207680664e+11 3.885805428219784546e+11 4.441545576610086670e+11 4.913670931429971313e+11 5.315602597545432129e+11 5.651860168063027344e+11 5.922456566093593750e+11 6.122729090631979980e+11
3.690569811923518066e+11 4.511776561189291992e+11 5.189145101438001709e+11 5.767546133451154785e+11 6.262376243365650635e+11 6.678321656744030762e+11 7.014434118724545898e+11 7.243036148508752441e+11
4.646607407044582520e+11 5.764032282017033691e+11 6.695165419659785156e+11 7.496801164141472168e+11 8.187778660679803467e+11 8.773228125534718018e+11 9.229733799893707275e+11 9.586906678355009766e+11
5.565403458034669189e+11 6.969250207435623779e+11 8.148049991433018799e+11 9.167418213820618896e+11 1.004808198345160767e+12 1.079442255789829346e+12 1.140055263676016113e+12 1.201478228517892090e+12
6.562571771035174561e+11 8.293243686458718262e+11 9.755075303292312012e+11 1.102583055177715820e+12 1.212914838932159180e+12 1.306924102066772461e+12 1.383851013235993896e+12 1.441776778747738525e+12
8.500330780124562988e+11 1.089676253656422485e+12 1.294162024941108154e+12 1.473357335083148682e+12 1.630119379129367432e+12 1.764833570516666748e+12 1.876305620004938721e+12 1.961696771810864746e+12
1.051768934306453003e+12 1.362884221646876465e+12 1.630223682407568604e+12 1.865813254641389160e+12 2.073047106319252686e+12 2.252264220665207031e+12 2.401797394731132324e+12 2.517867684335254883e+12
1.251661166305129639e+12 1.636218129906522705e+12 1.968601314649950195e+12 2.262892189781130859e+12 2.522868127943858398e+12 2.748792009507340820e+12 2.938437060600735352e+12 3.087065955645839355e+12
1.479329334219453369e+12 1.941295533213852051e+12 2.342783209842034180e+12 2.678318327305913086e+12 2.994285916893794922e+12 3.269904598456014160e+12 3.502449186610301758e+12 3.686179851462450684e+12
1.700245010319500732e+12 2.240663446456399414e+12 2.711572011373967285e+12 3.131341192647004395e+12 3.505367908352085449e+12 3.802373415904260742e+12 4.083478073264998535e+12 4.295035565693200684e+12
