6.231329900107593858e+03 6.653421502113496899e+03 7.144086778966458041e+03 7.657905247429886003e+03 8.181307824648047244e+03 8.714695557556608037e+03 9.281317346578753131e+03 9.578455731635522170e+03
7.305689074782222633e+03 7.975919651092958702e+03 8.548773789556271367e+03 9.088985956753802384e+03 9.648813495988422801e+03 1.028735769736065959e+04 1.095657561612221070e+04 1.167456638057866439e+04
8.466789041423697199e+03 9.233004162179197010e+03 9.876266979317488222e+03 1.047446855400561071e+04 1.106865432604598391e+04 1.171872280126687838e+04 1.248543180408280205e+04 1.339845555712236091e+04
1.066977155081705132e+04 1.158521951818980597e+04 1.233787142519467125e+04 1.303348291207711009e+04 1.372548161780339433e+04 1.445087766162788830e+04 1.544512730504252795e+04 1.653159823927185789e+04
1.277173754915477730e+04 1.385563191747319070e+04 1.473724907855532001e+04 1.555055679119215165e+04 1.636138378008102154e+04 1.721920623646818422e+04 1.816982622128216462e+04 1.939735985166358660e+04
1.480301411407550586e+04 1.601862029222902856e+04 1.699176234014784495e+04 1.788236785724288347e+04 1.877077669179596342e+04 1.971708891993161160e+04 2.077680957218793264e+04 2.203218957499479438e+04
1.863711525087648988e+04 2.008234573974565501e+04 2.120680659643343461e+04 2.222322262781424433e+04 2.323900069706739669e+04 2.433196757784266447e+04 2.557848298948722368e+04 2.707188340094884188e+04
2.228846224397473998e+04 2.392641246907484674e+04 2.516761187241877633e+04 2.628079823918271723e+04 2.739387811634263926e+04 2.860391480941226109e+04 3.000510328907363146e+04 3.172135536656147815e+04
2.577672907472887528e+04 2.758214911040220977e+04 2.892071835189589910e+04 3.011031255316573879e+04 3.130296150764269260e+04 3.261091611663108779e+04 3.414584448853747017e+04 3.606005872356590407e+04
2.930865321652677812e+04 3.122669635633118742e+04 3.262709541181412351e+04 3.381743999976354826e+04 3.507211770465705195e+04 3.645880129512340500e+04 3.810840733951058792e+04 4.019809420819715160e+04
3.163008613734917162e+04 3.371276880240131868e+04 3.534349324601655826e+04 3.682133935704806936e+04 3.731557903309012909e+04 4.015206647268982488e+04 4.160050968045076297e+04 4.412317764946304669e+04
