2.000000000000000000e+03
2.040000000000000000e+03
2.080000000000000000e+03
2.120000000000000000e+03
2.160000000000000000e+03
2.200000000000000000e+03
2.240000000000000000e+03
2.280000000000000000e+03
2.320000000000000000e+03
2.360000000000000000e+03
2.400000000000000000e+03
2.440000000000000000e+03
2.480000000000000000e+03
2.520000000000000000e+03
2.560000000000000000e+03
2.600000000000000000e+03
2.640000000000000000e+03
2.680000000000000000e+03
2.720000000000000000e+03
2.760000000000000000e+03
2.800000000000000000e+03
2.840000000000000000e+03
2.880000000000000000e+03
2.920000000000000000e+03
2.960000000000000000e+03
3.000000000000000000e+03
3.040000000000000000e+03
3.080000000000000000e+03
3.120000000000000000e+03
3.160000000000000000e+03
3.200000000000000000e+03
3.240000000000000000e+03
3.280000000000000000e+03
3.320000000000000000e+03
3.360000000000000000e+03
3.400000000000000000e+03
3.440000000000000000e+03
3.480000000000000000e+03
3.520000000000000000e+03
3.560000000000000000e+03
3.600000000000000000e+03
3.640000000000000000e+03
3.680000000000000000e+03
3.720000000000000000e+03
3.760000000000000000e+03
3.800000000000000000e+03
3.840000000000000000e+03
3.880000000000000000e+03
3.920000000000000000e+03
3.960000000000000000e+03
4.000000000000000000e+03
4.040000000000000000e+03
4.080000000000000000e+03
4.120000000000000000e+03
4.160000000000000000e+03
4.200000000000000000e+03
4.240000000000000000e+03
4.280000000000000000e+03
4.320000000000000000e+03
4.360000000000000000e+03
4.400000000000000000e+03
4.440000000000000000e+03
4.480000000000000000e+03
4.520000000000000000e+03
4.560000000000000000e+03
4.600000000000000000e+03
4.640000000000000000e+03
4.680000000000000000e+03
4.720000000000000000e+03
4.760000000000000000e+03
4.800000000000000000e+03
4.840000000000000000e+03
4.880000000000000000e+03
4.920000000000000000e+03
4.960000000000000000e+03
5.000000000000000000e+03
5.040000000000000000e+03
5.080000000000000000e+03
5.120000000000000000e+03
5.160000000000000000e+03
5.200000000000000000e+03
5.240000000000000000e+03
5.280000000000000000e+03
5.320000000000000000e+03
5.360000000000000000e+03
5.400000000000000000e+03
5.440000000000000000e+03
5.480000000000000000e+03
5.520000000000000000e+03
5.560000000000000000e+03
5.600000000000000000e+03
5.640000000000000000e+03
5.680000000000000000e+03
5.720000000000000000e+03
5.760000000000000000e+03
5.800000000000000000e+03
5.840000000000000000e+03
5.880000000000000000e+03
5.920000000000000000e+03
5.960000000000000000e+03
6.000000000000000000e+03
6.040000000000000000e+03
6.080000000000000000e+03
6.120000000000000000e+03
6.160000000000000000e+03
6.200000000000000000e+03
6.240000000000000000e+03
6.280000000000000000e+03
6.320000000000000000e+03
6.360000000000000000e+03
6.400000000000000000e+03
6.440000000000000000e+03
6.480000000000000000e+03
6.520000000000000000e+03
6.560000000000000000e+03
6.600000000000000000e+03
6.640000000000000000e+03
6.680000000000000000e+03
6.720000000000000000e+03
6.760000000000000000e+03
6.800000000000000000e+03
6.840000000000000000e+03
6.880000000000000000e+03
6.920000000000000000e+03
6.960000000000000000e+03
7.000000000000000000e+03
7.040000000000000000e+03
7.080000000000000000e+03
7.120000000000000000e+03
7.160000000000000000e+03
7.200000000000000000e+03
7.240000000000000000e+03
7.280000000000000000e+03
7.320000000000000000e+03
7.360000000000000000e+03
7.400000000000000000e+03
7.440000000000000000e+03
7.480000000000000000e+03
7.520000000000000000e+03
7.560000000000000000e+03
7.600000000000000000e+03
7.640000000000000000e+03
7.680000000000000000e+03
7.720000000000000000e+03
7.760000000000000000e+03
7.800000000000000000e+03
7.840000000000000000e+03
7.880000000000000000e+03
7.920000000000000000e+03
7.960000000000000000e+03
8.000000000000000000e+03
8.040000000000000000e+03
8.080000000000000000e+03
8.120000000000000000e+03
8.160000000000000000e+03
8.200000000000000000e+03
8.240000000000000000e+03
8.280000000000000000e+03
8.320000000000000000e+03
8.360000000000000000e+03
8.400000000000000000e+03
8.440000000000000000e+03
8.480000000000000000e+03
8.520000000000000000e+03
8.560000000000000000e+03
8.600000000000000000e+03
8.640000000000000000e+03
8.680000000000000000e+03
8.720000000000000000e+03
8.760000000000000000e+03
8.800000000000000000e+03
8.840000000000000000e+03
8.880000000000000000e+03
8.920000000000000000e+03
8.960000000000000000e+03
9.000000000000000000e+03
9.040000000000000000e+03
9.080000000000000000e+03
9.120000000000000000e+03
9.160000000000000000e+03
9.200000000000000000e+03
9.240000000000000000e+03
9.280000000000000000e+03
9.320000000000000000e+03
9.360000000000000000e+03
9.400000000000000000e+03
9.440000000000000000e+03
9.480000000000000000e+03
9.520000000000000000e+03
9.560000000000000000e+03
9.600000000000000000e+03
9.640000000000000000e+03
9.680000000000000000e+03
9.720000000000000000e+03
9.760000000000000000e+03
9.800000000000000000e+03
9.840000000000000000e+03
9.880000000000000000e+03
9.920000000000000000e+03
9.960000000000000000e+03
1.000000000000000000e+04
1.004000000000000000e+04
1.008000000000000000e+04
1.012000000000000000e+04
1.016000000000000000e+04
1.020000000000000000e+04
1.024000000000000000e+04
1.028000000000000000e+04
1.032000000000000000e+04
1.036000000000000000e+04
1.040000000000000000e+04
1.044000000000000000e+04
1.048000000000000000e+04
1.052000000000000000e+04
1.056000000000000000e+04
1.060000000000000000e+04
1.064000000000000000e+04
1.068000000000000000e+04
1.072000000000000000e+04
1.076000000000000000e+04
1.080000000000000000e+04
1.084000000000000000e+04
1.088000000000000000e+04
1.092000000000000000e+04
1.096000000000000000e+04
1.100000000000000000e+04
1.104000000000000000e+04
1.108000000000000000e+04
1.112000000000000000e+04
1.116000000000000000e+04
1.120000000000000000e+04
1.124000000000000000e+04
1.128000000000000000e+04
1.132000000000000000e+04
1.136000000000000000e+04
1.140000000000000000e+04
1.144000000000000000e+04
1.148000000000000000e+04
1.152000000000000000e+04
1.156000000000000000e+04
1.160000000000000000e+04
1.164000000000000000e+04
1.168000000000000000e+04
1.172000000000000000e+04
1.176000000000000000e+04
1.180000000000000000e+04
1.184000000000000000e+04
1.188000000000000000e+04
1.192000000000000000e+04
1.196000000000000000e+04
1.200000000000000000e+04
1.204000000000000000e+04
1.208000000000000000e+04
1.212000000000000000e+04
1.216000000000000000e+04
1.220000000000000000e+04
1.224000000000000000e+04
1.228000000000000000e+04
1.232000000000000000e+04
1.236000000000000000e+04
1.240000000000000000e+04
1.244000000000000000e+04
1.248000000000000000e+04
1.252000000000000000e+04
1.256000000000000000e+04
1.260000000000000000e+04
1.264000000000000000e+04
1.268000000000000000e+04
1.272000000000000000e+04
1.276000000000000000e+04
1.280000000000000000e+04
1.284000000000000000e+04
1.288000000000000000e+04
1.292000000000000000e+04
1.296000000000000000e+04
1.300000000000000000e+04
1.304000000000000000e+04
1.308000000000000000e+04
1.312000000000000000e+04
1.316000000000000000e+04
1.320000000000000000e+04
1.324000000000000000e+04
1.328000000000000000e+04
1.332000000000000000e+04
1.336000000000000000e+04
1.340000000000000000e+04
1.344000000000000000e+04
1.348000000000000000e+04
1.352000000000000000e+04
1.356000000000000000e+04
1.360000000000000000e+04
1.364000000000000000e+04
1.368000000000000000e+04
1.372000000000000000e+04
1.376000000000000000e+04
1.380000000000000000e+04
1.384000000000000000e+04
1.388000000000000000e+04
1.392000000000000000e+04
1.396000000000000000e+04
1.400000000000000000e+04
1.404000000000000000e+04
1.408000000000000000e+04
1.412000000000000000e+04
1.416000000000000000e+04
1.420000000000000000e+04
1.424000000000000000e+04
1.428000000000000000e+04
1.432000000000000000e+04
1.436000000000000000e+04
1.440000000000000000e+04
1.444000000000000000e+04
1.448000000000000000e+04
1.452000000000000000e+04
1.456000000000000000e+04
1.460000000000000000e+04
1.464000000000000000e+04
1.468000000000000000e+04
1.472000000000000000e+04
1.476000000000000000e+04
1.480000000000000000e+04
1.484000000000000000e+04
1.488000000000000000e+04
1.492000000000000000e+04
1.496000000000000000e+04
1.500000000000000000e+04
1.504000000000000000e+04
1.508000000000000000e+04
1.512000000000000000e+04
1.516000000000000000e+04
1.520000000000000000e+04
1.524000000000000000e+04
1.528000000000000000e+04
1.532000000000000000e+04
1.536000000000000000e+04
1.540000000000000000e+04
1.544000000000000000e+04
1.548000000000000000e+04
1.552000000000000000e+04
1.556000000000000000e+04
1.560000000000000000e+04
1.564000000000000000e+04
1.568000000000000000e+04
1.572000000000000000e+04
1.576000000000000000e+04
1.580000000000000000e+04
1.584000000000000000e+04
1.588000000000000000e+04
1.592000000000000000e+04
1.596000000000000000e+04
1.600000000000000000e+04
1.604000000000000000e+04
1.608000000000000000e+04
1.612000000000000000e+04
1.616000000000000000e+04
1.620000000000000000e+04
1.624000000000000000e+04
1.628000000000000000e+04
1.632000000000000000e+04
1.636000000000000000e+04
1.640000000000000000e+04
1.644000000000000000e+04
1.648000000000000000e+04
1.652000000000000000e+04
1.656000000000000000e+04
1.660000000000000000e+04
1.664000000000000000e+04
1.668000000000000000e+04
1.672000000000000000e+04
1.676000000000000000e+04
1.680000000000000000e+04
1.684000000000000000e+04
1.688000000000000000e+04
1.692000000000000000e+04
1.696000000000000000e+04
1.700000000000000000e+04
1.704000000000000000e+04
1.708000000000000000e+04
1.712000000000000000e+04
1.716000000000000000e+04
1.720000000000000000e+04
1.724000000000000000e+04
1.728000000000000000e+04
1.732000000000000000e+04
1.736000000000000000e+04
1.740000000000000000e+04
1.744000000000000000e+04
1.748000000000000000e+04
1.752000000000000000e+04
1.756000000000000000e+04
1.760000000000000000e+04
1.764000000000000000e+04
1.768000000000000000e+04
1.772000000000000000e+04
1.776000000000000000e+04
1.780000000000000000e+04
1.784000000000000000e+04
1.788000000000000000e+04
1.792000000000000000e+04
1.796000000000000000e+04
1.800000000000000000e+04
1.804000000000000000e+04
1.808000000000000000e+04
1.812000000000000000e+04
1.816000000000000000e+04
1.820000000000000000e+04
1.824000000000000000e+04
1.828000000000000000e+04
1.832000000000000000e+04
1.836000000000000000e+04
1.840000000000000000e+04
1.844000000000000000e+04
1.848000000000000000e+04
1.852000000000000000e+04
1.856000000000000000e+04
1.860000000000000000e+04
1.864000000000000000e+04
1.868000000000000000e+04
1.872000000000000000e+04
1.876000000000000000e+04
1.880000000000000000e+04
1.884000000000000000e+04
1.888000000000000000e+04
1.892000000000000000e+04
1.896000000000000000e+04
1.900000000000000000e+04
1.904000000000000000e+04
1.908000000000000000e+04
1.912000000000000000e+04
1.916000000000000000e+04
1.920000000000000000e+04
1.924000000000000000e+04
1.928000000000000000e+04
1.932000000000000000e+04
1.936000000000000000e+04
1.940000000000000000e+04
1.944000000000000000e+04
1.948000000000000000e+04
1.952000000000000000e+04
1.956000000000000000e+04
1.960000000000000000e+04
1.964000000000000000e+04
1.968000000000000000e+04
1.972000000000000000e+04
1.976000000000000000e+04
1.980000000000000000e+04
1.984000000000000000e+04
1.988000000000000000e+04
1.992000000000000000e+04
1.996000000000000000e+04
2.000000000000000000e+04
2.004000000000000000e+04
2.008000000000000000e+04
2.012000000000000000e+04
2.016000000000000000e+04
2.020000000000000000e+04
2.024000000000000000e+04
2.028000000000000000e+04
2.032000000000000000e+04
2.036000000000000000e+04
2.040000000000000000e+04
2.044000000000000000e+04
2.048000000000000000e+04
2.052000000000000000e+04
2.056000000000000000e+04
2.060000000000000000e+04
2.064000000000000000e+04
2.068000000000000000e+04
2.072000000000000000e+04
2.076000000000000000e+04
2.080000000000000000e+04
2.084000000000000000e+04
2.088000000000000000e+04
2.092000000000000000e+04
2.096000000000000000e+04
2.100000000000000000e+04
2.104000000000000000e+04
2.108000000000000000e+04
2.112000000000000000e+04
2.116000000000000000e+04
2.120000000000000000e+04
2.124000000000000000e+04
2.128000000000000000e+04
2.132000000000000000e+04
2.136000000000000000e+04
2.140000000000000000e+04
2.144000000000000000e+04
2.148000000000000000e+04
2.152000000000000000e+04
2.156000000000000000e+04
2.160000000000000000e+04
2.164000000000000000e+04
2.168000000000000000e+04
2.172000000000000000e+04
2.176000000000000000e+04
2.180000000000000000e+04
2.184000000000000000e+04
2.188000000000000000e+04
2.192000000000000000e+04
2.196000000000000000e+04
2.200000000000000000e+04
2.204000000000000000e+04
2.208000000000000000e+04
2.212000000000000000e+04
2.216000000000000000e+04
2.220000000000000000e+04
2.224000000000000000e+04
2.228000000000000000e+04
2.232000000000000000e+04
2.236000000000000000e+04
2.240000000000000000e+04
2.244000000000000000e+04
2.248000000000000000e+04
2.252000000000000000e+04
2.256000000000000000e+04
2.260000000000000000e+04
2.264000000000000000e+04
2.268000000000000000e+04
2.272000000000000000e+04
2.276000000000000000e+04
2.280000000000000000e+04
2.284000000000000000e+04
2.288000000000000000e+04
2.292000000000000000e+04
2.296000000000000000e+04
2.300000000000000000e+04
2.304000000000000000e+04
2.308000000000000000e+04
2.312000000000000000e+04
2.316000000000000000e+04
2.320000000000000000e+04
2.324000000000000000e+04
2.328000000000000000e+04
2.332000000000000000e+04
2.336000000000000000e+04
2.340000000000000000e+04
2.344000000000000000e+04
2.348000000000000000e+04
2.352000000000000000e+04
2.356000000000000000e+04
2.360000000000000000e+04
2.364000000000000000e+04
2.368000000000000000e+04
2.372000000000000000e+04
2.376000000000000000e+04
2.380000000000000000e+04
2.384000000000000000e+04
2.388000000000000000e+04
2.392000000000000000e+04
2.396000000000000000e+04
2.400000000000000000e+04
2.404000000000000000e+04
2.408000000000000000e+04
2.412000000000000000e+04
2.416000000000000000e+04
2.420000000000000000e+04
2.424000000000000000e+04
2.428000000000000000e+04
2.432000000000000000e+04
2.436000000000000000e+04
2.440000000000000000e+04
2.444000000000000000e+04
2.448000000000000000e+04
2.452000000000000000e+04
2.456000000000000000e+04
2.460000000000000000e+04
2.464000000000000000e+04
2.468000000000000000e+04
2.472000000000000000e+04
2.476000000000000000e+04
2.480000000000000000e+04
2.484000000000000000e+04
2.488000000000000000e+04
2.492000000000000000e+04
2.496000000000000000e+04
2.500000000000000000e+04
2.504000000000000000e+04
2.508000000000000000e+04
2.512000000000000000e+04
2.516000000000000000e+04
2.520000000000000000e+04
2.524000000000000000e+04
2.528000000000000000e+04
2.532000000000000000e+04
2.536000000000000000e+04
2.540000000000000000e+04
2.544000000000000000e+04
2.548000000000000000e+04
2.552000000000000000e+04
2.556000000000000000e+04
2.560000000000000000e+04
2.564000000000000000e+04
2.568000000000000000e+04
2.572000000000000000e+04
2.576000000000000000e+04
2.580000000000000000e+04
2.584000000000000000e+04
2.588000000000000000e+04
2.592000000000000000e+04
2.596000000000000000e+04
2.600000000000000000e+04
2.604000000000000000e+04
2.608000000000000000e+04
2.612000000000000000e+04
2.616000000000000000e+04
2.620000000000000000e+04
2.624000000000000000e+04
2.628000000000000000e+04
2.632000000000000000e+04
2.636000000000000000e+04
2.640000000000000000e+04
2.644000000000000000e+04
2.648000000000000000e+04
2.652000000000000000e+04
2.656000000000000000e+04
2.660000000000000000e+04
2.664000000000000000e+04
2.668000000000000000e+04
2.672000000000000000e+04
2.676000000000000000e+04
2.680000000000000000e+04
2.684000000000000000e+04
2.688000000000000000e+04
2.692000000000000000e+04
2.696000000000000000e+04
2.700000000000000000e+04
2.704000000000000000e+04
2.708000000000000000e+04
2.712000000000000000e+04
2.716000000000000000e+04
2.720000000000000000e+04
2.724000000000000000e+04
2.728000000000000000e+04
2.732000000000000000e+04
2.736000000000000000e+04
2.740000000000000000e+04
2.744000000000000000e+04
2.748000000000000000e+04
2.752000000000000000e+04
2.756000000000000000e+04
2.760000000000000000e+04
2.764000000000000000e+04
2.768000000000000000e+04
2.772000000000000000e+04
2.776000000000000000e+04
2.780000000000000000e+04
2.784000000000000000e+04
2.788000000000000000e+04
2.792000000000000000e+04
2.796000000000000000e+04
2.800000000000000000e+04
2.804000000000000000e+04
2.808000000000000000e+04
2.812000000000000000e+04
2.816000000000000000e+04
2.820000000000000000e+04
2.824000000000000000e+04
2.828000000000000000e+04
2.832000000000000000e+04
2.836000000000000000e+04
2.840000000000000000e+04
2.844000000000000000e+04
2.848000000000000000e+04
2.852000000000000000e+04
2.856000000000000000e+04
2.860000000000000000e+04
2.864000000000000000e+04
2.868000000000000000e+04
2.872000000000000000e+04
2.876000000000000000e+04
2.880000000000000000e+04
2.884000000000000000e+04
2.888000000000000000e+04
2.892000000000000000e+04
2.896000000000000000e+04
2.900000000000000000e+04
2.904000000000000000e+04
2.908000000000000000e+04
2.912000000000000000e+04
2.916000000000000000e+04
2.920000000000000000e+04
2.924000000000000000e+04
2.928000000000000000e+04
2.932000000000000000e+04
2.936000000000000000e+04
2.940000000000000000e+04
2.944000000000000000e+04
2.948000000000000000e+04
2.952000000000000000e+04
2.956000000000000000e+04
2.960000000000000000e+04
2.964000000000000000e+04
2.968000000000000000e+04
2.972000000000000000e+04
2.976000000000000000e+04
2.980000000000000000e+04
2.984000000000000000e+04
2.988000000000000000e+04
2.992000000000000000e+04
2.996000000000000000e+04
3.000000000000000000e+04
3.004000000000000000e+04
3.008000000000000000e+04
3.012000000000000000e+04
3.016000000000000000e+04
3.020000000000000000e+04
3.024000000000000000e+04
3.028000000000000000e+04
3.032000000000000000e+04
3.036000000000000000e+04
3.040000000000000000e+04
3.044000000000000000e+04
3.048000000000000000e+04
3.052000000000000000e+04
3.056000000000000000e+04
3.060000000000000000e+04
3.064000000000000000e+04
3.068000000000000000e+04
3.072000000000000000e+04
3.076000000000000000e+04
3.080000000000000000e+04
3.084000000000000000e+04
3.088000000000000000e+04
3.092000000000000000e+04
3.096000000000000000e+04
3.100000000000000000e+04
3.104000000000000000e+04
3.108000000000000000e+04
3.112000000000000000e+04
3.116000000000000000e+04
3.120000000000000000e+04
3.124000000000000000e+04
3.128000000000000000e+04
3.132000000000000000e+04
3.136000000000000000e+04
3.140000000000000000e+04
3.144000000000000000e+04
3.148000000000000000e+04
3.152000000000000000e+04
3.156000000000000000e+04
3.160000000000000000e+04
3.164000000000000000e+04
3.168000000000000000e+04
3.172000000000000000e+04
3.176000000000000000e+04
3.180000000000000000e+04
3.184000000000000000e+04
3.188000000000000000e+04
3.192000000000000000e+04
3.196000000000000000e+04
3.200000000000000000e+04
3.204000000000000000e+04
3.208000000000000000e+04
3.212000000000000000e+04
3.216000000000000000e+04
3.220000000000000000e+04
3.224000000000000000e+04
3.228000000000000000e+04
3.232000000000000000e+04
3.236000000000000000e+04
3.240000000000000000e+04
3.244000000000000000e+04
3.248000000000000000e+04
3.252000000000000000e+04
3.256000000000000000e+04
3.260000000000000000e+04
3.264000000000000000e+04
3.268000000000000000e+04
3.272000000000000000e+04
3.276000000000000000e+04
3.280000000000000000e+04
3.284000000000000000e+04
3.288000000000000000e+04
3.292000000000000000e+04
3.296000000000000000e+04
3.300000000000000000e+04
3.304000000000000000e+04
3.308000000000000000e+04
3.312000000000000000e+04
3.316000000000000000e+04
3.320000000000000000e+04
3.324000000000000000e+04
3.328000000000000000e+04
3.332000000000000000e+04
3.336000000000000000e+04
3.340000000000000000e+04
3.344000000000000000e+04
3.348000000000000000e+04
3.352000000000000000e+04
3.356000000000000000e+04
3.360000000000000000e+04
3.364000000000000000e+04
3.368000000000000000e+04
3.372000000000000000e+04
3.376000000000000000e+04
3.380000000000000000e+04
3.384000000000000000e+04
3.388000000000000000e+04
3.392000000000000000e+04
3.396000000000000000e+04
3.400000000000000000e+04
3.404000000000000000e+04
3.408000000000000000e+04
3.412000000000000000e+04
3.416000000000000000e+04
3.420000000000000000e+04
3.424000000000000000e+04
3.428000000000000000e+04
3.432000000000000000e+04
3.436000000000000000e+04
3.440000000000000000e+04
3.444000000000000000e+04
3.448000000000000000e+04
3.452000000000000000e+04
3.456000000000000000e+04
3.460000000000000000e+04
3.464000000000000000e+04
3.468000000000000000e+04
3.472000000000000000e+04
3.476000000000000000e+04
3.480000000000000000e+04
3.484000000000000000e+04
3.488000000000000000e+04
3.492000000000000000e+04
3.496000000000000000e+04
3.500000000000000000e+04
3.504000000000000000e+04
3.508000000000000000e+04
3.512000000000000000e+04
3.516000000000000000e+04
3.520000000000000000e+04
3.524000000000000000e+04
3.528000000000000000e+04
3.532000000000000000e+04
3.536000000000000000e+04
3.540000000000000000e+04
3.544000000000000000e+04
3.548000000000000000e+04
3.552000000000000000e+04
3.556000000000000000e+04
3.560000000000000000e+04
3.564000000000000000e+04
3.568000000000000000e+04
3.572000000000000000e+04
3.576000000000000000e+04
3.580000000000000000e+04
3.584000000000000000e+04
3.588000000000000000e+04
3.592000000000000000e+04
3.596000000000000000e+04
3.600000000000000000e+04
3.604000000000000000e+04
3.608000000000000000e+04
3.612000000000000000e+04
3.616000000000000000e+04
3.620000000000000000e+04
3.624000000000000000e+04
3.628000000000000000e+04
3.632000000000000000e+04
3.636000000000000000e+04
3.640000000000000000e+04
3.644000000000000000e+04
3.648000000000000000e+04
3.652000000000000000e+04
3.656000000000000000e+04
3.660000000000000000e+04
3.664000000000000000e+04
3.668000000000000000e+04
3.672000000000000000e+04
3.676000000000000000e+04
3.680000000000000000e+04
3.684000000000000000e+04
3.688000000000000000e+04
3.692000000000000000e+04
3.696000000000000000e+04
3.700000000000000000e+04
3.704000000000000000e+04
3.708000000000000000e+04
3.712000000000000000e+04
3.716000000000000000e+04
3.720000000000000000e+04
3.724000000000000000e+04
3.728000000000000000e+04
3.732000000000000000e+04
3.736000000000000000e+04
3.740000000000000000e+04
3.744000000000000000e+04
3.748000000000000000e+04
3.752000000000000000e+04
3.756000000000000000e+04
3.760000000000000000e+04
3.764000000000000000e+04
3.768000000000000000e+04
3.772000000000000000e+04
3.776000000000000000e+04
3.780000000000000000e+04
3.784000000000000000e+04
3.788000000000000000e+04
3.792000000000000000e+04
3.796000000000000000e+04
3.800000000000000000e+04
3.804000000000000000e+04
3.808000000000000000e+04
3.812000000000000000e+04
3.816000000000000000e+04
3.820000000000000000e+04
3.824000000000000000e+04
3.828000000000000000e+04
3.832000000000000000e+04
3.836000000000000000e+04
3.840000000000000000e+04
3.844000000000000000e+04
3.848000000000000000e+04
3.852000000000000000e+04
3.856000000000000000e+04
3.860000000000000000e+04
3.864000000000000000e+04
3.868000000000000000e+04
3.872000000000000000e+04
3.876000000000000000e+04
3.880000000000000000e+04
3.884000000000000000e+04
3.888000000000000000e+04
3.892000000000000000e+04
3.896000000000000000e+04
3.900000000000000000e+04
3.904000000000000000e+04
3.908000000000000000e+04
3.912000000000000000e+04
3.916000000000000000e+04
3.920000000000000000e+04
3.924000000000000000e+04
3.928000000000000000e+04
3.932000000000000000e+04
3.936000000000000000e+04
3.940000000000000000e+04
3.944000000000000000e+04
3.948000000000000000e+04
3.952000000000000000e+04
3.956000000000000000e+04
3.960000000000000000e+04
3.964000000000000000e+04
3.968000000000000000e+04
3.972000000000000000e+04
3.976000000000000000e+04
3.980000000000000000e+04
3.984000000000000000e+04
3.988000000000000000e+04
3.992000000000000000e+04
3.996000000000000000e+04
4.000000000000000000e+04
4.004000000000000000e+04
4.008000000000000000e+04
4.012000000000000000e+04
4.016000000000000000e+04
4.020000000000000000e+04
4.024000000000000000e+04
4.028000000000000000e+04
4.032000000000000000e+04
4.036000000000000000e+04
4.040000000000000000e+04
4.044000000000000000e+04
4.048000000000000000e+04
4.052000000000000000e+04
4.056000000000000000e+04
4.060000000000000000e+04
4.064000000000000000e+04
4.068000000000000000e+04
4.072000000000000000e+04
4.076000000000000000e+04
4.080000000000000000e+04
4.084000000000000000e+04
4.088000000000000000e+04
4.092000000000000000e+04
4.096000000000000000e+04
4.100000000000000000e+04
4.104000000000000000e+04
4.108000000000000000e+04
4.112000000000000000e+04
4.116000000000000000e+04
4.120000000000000000e+04
4.124000000000000000e+04
4.128000000000000000e+04
4.132000000000000000e+04
4.136000000000000000e+04
4.140000000000000000e+04
4.144000000000000000e+04
4.148000000000000000e+04
4.152000000000000000e+04
4.156000000000000000e+04
4.160000000000000000e+04
4.164000000000000000e+04
4.168000000000000000e+04
4.172000000000000000e+04
4.176000000000000000e+04
4.180000000000000000e+04
4.184000000000000000e+04
4.188000000000000000e+04
4.192000000000000000e+04
4.196000000000000000e+04
4.200000000000000000e+04
4.204000000000000000e+04
4.208000000000000000e+04
4.212000000000000000e+04
4.216000000000000000e+04
4.220000000000000000e+04
4.224000000000000000e+04
4.228000000000000000e+04
4.232000000000000000e+04
4.236000000000000000e+04
4.240000000000000000e+04
4.244000000000000000e+04
4.248000000000000000e+04
4.252000000000000000e+04
4.256000000000000000e+04
4.260000000000000000e+04
4.264000000000000000e+04
4.268000000000000000e+04
4.272000000000000000e+04
4.276000000000000000e+04
4.280000000000000000e+04
4.284000000000000000e+04
4.288000000000000000e+04
4.292000000000000000e+04
4.296000000000000000e+04
4.300000000000000000e+04
4.304000000000000000e+04
4.308000000000000000e+04
4.312000000000000000e+04
4.316000000000000000e+04
4.320000000000000000e+04
4.324000000000000000e+04
4.328000000000000000e+04
4.332000000000000000e+04
4.336000000000000000e+04
4.340000000000000000e+04
4.344000000000000000e+04
4.348000000000000000e+04
4.352000000000000000e+04
4.356000000000000000e+04
4.360000000000000000e+04
4.364000000000000000e+04
4.368000000000000000e+04
4.372000000000000000e+04
4.376000000000000000e+04
4.380000000000000000e+04
4.384000000000000000e+04
4.388000000000000000e+04
4.392000000000000000e+04
4.396000000000000000e+04
4.400000000000000000e+04
4.404000000000000000e+04
4.408000000000000000e+04
4.412000000000000000e+04
4.416000000000000000e+04
4.420000000000000000e+04
4.424000000000000000e+04
4.428000000000000000e+04
4.432000000000000000e+04
4.436000000000000000e+04
4.440000000000000000e+04
4.444000000000000000e+04
4.448000000000000000e+04
4.452000000000000000e+04
4.456000000000000000e+04
4.460000000000000000e+04
4.464000000000000000e+04
4.468000000000000000e+04
4.472000000000000000e+04
4.476000000000000000e+04
4.480000000000000000e+04
4.484000000000000000e+04
4.488000000000000000e+04
4.492000000000000000e+04
4.496000000000000000e+04
4.500000000000000000e+04
4.504000000000000000e+04
4.508000000000000000e+04
4.512000000000000000e+04
4.516000000000000000e+04
4.520000000000000000e+04
4.524000000000000000e+04
4.528000000000000000e+04
4.532000000000000000e+04
4.536000000000000000e+04
4.540000000000000000e+04
4.544000000000000000e+04
4.548000000000000000e+04
4.552000000000000000e+04
4.556000000000000000e+04
4.560000000000000000e+04
4.564000000000000000e+04
4.568000000000000000e+04
4.572000000000000000e+04
4.576000000000000000e+04
4.580000000000000000e+04
4.584000000000000000e+04
4.588000000000000000e+04
4.592000000000000000e+04
4.596000000000000000e+04
4.600000000000000000e+04
4.604000000000000000e+04
4.608000000000000000e+04
4.612000000000000000e+04
4.616000000000000000e+04
4.620000000000000000e+04
4.624000000000000000e+04
4.628000000000000000e+04
4.632000000000000000e+04
4.636000000000000000e+04
4.640000000000000000e+04
4.644000000000000000e+04
4.648000000000000000e+04
4.652000000000000000e+04
4.656000000000000000e+04
4.660000000000000000e+04
4.664000000000000000e+04
4.668000000000000000e+04
4.672000000000000000e+04
4.676000000000000000e+04
4.680000000000000000e+04
4.684000000000000000e+04
4.688000000000000000e+04
4.692000000000000000e+04
4.696000000000000000e+04
4.700000000000000000e+04
4.704000000000000000e+04
4.708000000000000000e+04
4.712000000000000000e+04
4.716000000000000000e+04
4.720000000000000000e+04
4.724000000000000000e+04
4.728000000000000000e+04
4.732000000000000000e+04
4.736000000000000000e+04
4.740000000000000000e+04
4.744000000000000000e+04
4.748000000000000000e+04
4.752000000000000000e+04
4.756000000000000000e+04
4.760000000000000000e+04
4.764000000000000000e+04
4.768000000000000000e+04
4.772000000000000000e+04
4.776000000000000000e+04
4.780000000000000000e+04
4.784000000000000000e+04
4.788000000000000000e+04
4.792000000000000000e+04
4.796000000000000000e+04
4.800000000000000000e+04
4.804000000000000000e+04
4.808000000000000000e+04
4.812000000000000000e+04
4.816000000000000000e+04
4.820000000000000000e+04
4.824000000000000000e+04
4.828000000000000000e+04
4.832000000000000000e+04
4.836000000000000000e+04
4.840000000000000000e+04
4.844000000000000000e+04
4.848000000000000000e+04
4.852000000000000000e+04
4.856000000000000000e+04
4.860000000000000000e+04
4.864000000000000000e+04
4.868000000000000000e+04
4.872000000000000000e+04
4.876000000000000000e+04
4.880000000000000000e+04
4.884000000000000000e+04
4.888000000000000000e+04
4.892000000000000000e+04
4.896000000000000000e+04
4.900000000000000000e+04
4.904000000000000000e+04
4.908000000000000000e+04
4.912000000000000000e+04
4.916000000000000000e+04
4.920000000000000000e+04
4.924000000000000000e+04
4.928000000000000000e+04
4.932000000000000000e+04
4.936000000000000000e+04
4.940000000000000000e+04
4.944000000000000000e+04
4.948000000000000000e+04
4.952000000000000000e+04
4.956000000000000000e+04
4.960000000000000000e+04
4.964000000000000000e+04
4.968000000000000000e+04
4.972000000000000000e+04
4.976000000000000000e+04
4.980000000000000000e+04
4.984000000000000000e+04
4.988000000000000000e+04
4.992000000000000000e+04
4.996000000000000000e+04
5.000000000000000000e+04
